334.240647919 837.459442917
417.800809899 854.171475313
668.481295839 1121.56399365
802.177555006 1305.39635
1002.72194376 1455.80464157
1136.41820293 1505.94073876
1286.82649449 1589.50090074
1453.94681845 1706.48512751
1554.21901282 1856.89341907
1654.4912072 1973.87764584
1704.62730439 2107.57390501
1855.03559595 1973.87764584
2089.0040495 1840.18138668
2272.83640585 1823.46935428
2556.94095658 1990.58967824
2623.78908617 2074.14984022
2740.77331294 2224.55813178
2807.62144252 2324.83032616
2841.04550731 2491.95065012
3308.9824144 2575.5108121
3476.10273836 2675.78300647
3559.66290034 2725.91910366
3927.32761305 2893.03942762
3860.47948347 2976.5995896
1955.30779033 1322.1083824
1888.45966074 1188.41212323
